1.731719369497049
1.8334579323843965
0.9648176520584738
5.702973476714244
5.590339914702749
1.8776879794907986
0.7380918210202292
6.022871753502223
2.0037451704252294
1.4904174107004402
1.1111216638174632
2.1322498978205617
2.0423449299989898
1.6723846068215824
1.0856422400250367
0.7953723386406693
3.1709668232486337
1.1488144762173007
0.9877035603061777
1.4143256436999465
1.976346753040309
1.4782119572221495
1.641128947862416
3.137904837603083
1.5845303560789263
1.5870608920077875
3.578860655104669
1.8571862522843603
2.3297597971283937
2.567544703229305
1.3646464418451303
1.039222315029049
1.3456688802574024
