1.6378518861363318
1.60937157266433
1.0965697037659257
5.058260802837147
5.419297620681769
1.6942589819225717
0.7382298365360906
5.222840156645419
1.8392986866623933
2.11410201957975
0.7860493582937316
1.6466912837848706
1.8093138488498774
1.5937843774246496
1.1205136389072141
1.4277364246931745
2.450197391707222
1.6511631420669692
0.9468243358222173
1.0343285588194557
2.08969022650286
2.454084211750593
1.6960624830343267
2.5834867301357054
1.191918197243748
1.6214637294781031
1.8652097695984278
1.8021921589011272
2.4955739682897438
2.2765989508907767
1.1786438664439243
0.9378443415264521
1.316595985567083
